xof 0303txt 0032

template XSkinMeshHeader {
  <3cf169ce-ff7c-44ab-93c0-f78f62d172e2>
  WORD nMaxSkinWeightsPerVertex;
  WORD nMaxSkinWeightsPerFace;
  WORD nBones;
}

template SkinWeights {
  <6f0d123b-bad2-4167-a0d0-80224f25fabb>
  STRING transformNodeName;
  DWORD nWeights;
  array DWORD vertexIndices[nWeights];
  array float weights[nWeights];
  Matrix4x4 matrixOffset;
}

Frame Root {
  FrameTransformMatrix {
     1.000000, 0.000000, 0.000000, 0.000000,
     0.000000,-0.000000, 1.000000, 0.000000,
     0.000000, 1.000000, 0.000000, 0.000000,
     0.000000, 0.000000, 0.000000, 1.000000;;
  }
  Frame Bip001 {
    FrameTransformMatrix {
      -0.008026,-0.005748,-0.001593, 0.000000,
       0.005837,-0.008119,-0.000114, 0.000000,
      -0.001227,-0.001022, 0.009872, 0.000000,
       0.006009, 0.007845, 0.384964, 1.000000;;
    }
    Frame Bip001_Bip001_Pelvis {
      FrameTransformMatrix {
         0.000002, 0.000000, 1.000000, 0.000000,
         1.000000, 0.000002,-0.000002, 0.000000,
        -0.000002, 1.000000,-0.000000, 0.000000,
         0.000000, 0.000000, 0.000000, 1.000000;;
      }
      Frame Bip001_Bip001_Spine {
        FrameTransformMatrix {
           1.000000, 0.000796, 0.000002, 0.000000,
          -0.000796, 0.999999,-0.000003, 0.000000,
          -0.000002, 0.000003, 1.000000, 0.000000,
           4.880396, 1.800125,-0.000001, 1.000000;;
        }
        Frame Bip001_Bip001_L_Thigh {
          FrameTransformMatrix {
            -0.501795, 0.555131, 0.663349, 0.000000,
             0.864930, 0.330847, 0.377409, 0.000000,
            -0.009956, 0.763132,-0.646167, 0.000000,
            -4.881824,-1.796257, 7.945657, 1.000000;;
          }
          Frame Bip001_Bip001_L_Calf {
            FrameTransformMatrix {
               0.634341,-0.768185,-0.086621, 0.000000,
               0.757947, 0.595987, 0.265173, 0.000000,
              -0.152077,-0.233864, 0.960302, 0.000000,
              21.219112, 0.000006, 0.000002, 1.000000;;
            }
            Frame Bip001_Bip001_L_Foot {
              FrameTransformMatrix {
                 0.976386, 0.006875, 0.215925, 0.000000,
                -0.005767, 0.999966,-0.005760, 0.000000,
                -0.215958, 0.004379, 0.976393, 0.000000,
                21.219105,-0.000000, 0.000003, 1.000000;;
              }
              Frame Bip001_Bip001_L_Toe0 {
                FrameTransformMatrix {
                  -0.091885,-0.672674, 0.734212, 0.000000,
                   0.987223, 0.034858, 0.155486, 0.000000,
                  -0.130184, 0.739118, 0.660876, 0.000000,
                   4.880402, 6.280848,-0.000002, 1.000000;;
                }
                Frame Bip001_Bip001_L_Toe0_end {
                  FrameTransformMatrix {
                    -0.672674, 0.034859, 0.739118, 0.000000,
                     0.091886,-0.987223, 0.130186, 0.000000,
                     0.734212, 0.155487, 0.660876, 0.000000,
                     0.000000, 7.954070,-0.000002, 1.000000;;
                  }
                  Frame Bip001_Bip001_L_Toe0_end_end {
                    FrameTransformMatrix {
                       1.000000, 0.000000,-0.000000, 0.000000,
                      -0.000000, 1.000000, 0.000000, 0.000000,
                       0.000000,-0.000000, 1.000000, 0.000000,
                       0.000004, 7.954078, 0.000000, 1.000000;;
                    }
                  } // End of Bip001_Bip001_L_Toe0_end_end
                } // End of Bip001_Bip001_L_Toe0_end
              } // End of Bip001_Bip001_L_Toe0
            } // End of Bip001_Bip001_L_Foot
          } // End of Bip001_Bip001_L_Calf
        } // End of Bip001_Bip001_L_Thigh
        Frame Bip001_Bip001_R_Thigh {
          FrameTransformMatrix {
            -0.767728, 0.248350,-0.590691, 0.000000,
             0.511957, 0.792108,-0.332363, 0.000000,
             0.385349,-0.557572,-0.735269, 0.000000,
            -4.881825,-1.796215,-7.945654, 1.000000;;
          }
          Frame Bip001_Bip001_R_Calf {
            FrameTransformMatrix {
               0.701918,-0.705828, 0.095482, 0.000000,
               0.709466, 0.704713,-0.006085, 0.000000,
              -0.062993, 0.072012, 0.995412, 0.000000,
              21.219103, 0.000008,-0.000003, 1.000000;;
            }
            Frame Bip001_Bip001_R_Foot {
              FrameTransformMatrix {
                 0.778689, 0.292431,-0.555092, 0.000000,
                -0.283537, 0.953256, 0.104442, 0.000000,
                 0.559688, 0.076061, 0.825205, 0.000000,
                21.219097,-0.000008,-0.000003, 1.000000;;
              }
              Frame Bip001_Bip001_R_Toe0 {
                FrameTransformMatrix {
                  -0.023906, 0.999656,-0.010836, 0.000000,
                  -0.999562,-0.024091,-0.017192, 0.000000,
                  -0.017448, 0.010420, 0.999794, 0.000000,
                   4.880408, 6.280851, 0.000002, 1.000000;;
                }
                Frame Bip001_Bip001_R_Toe0_end {
                  FrameTransformMatrix {
                     0.999656,-0.024091, 0.010420, 0.000000,
                     0.023907, 0.999562, 0.017447, 0.000000,
                    -0.010836,-0.017192, 0.999793, 0.000000,
                     0.000003, 7.954069, 0.000001, 1.000000;;
                  }
                  Frame Bip001_Bip001_R_Toe0_end_end {
                    FrameTransformMatrix {
                       1.000000, 0.000000,-0.000000, 0.000000,
                      -0.000000, 1.000000, 0.000000, 0.000000,
                       0.000000,-0.000000, 1.000000, 0.000000,
                      -0.000000, 7.954070, 0.000000, 1.000000;;
                    }
                  } // End of Bip001_Bip001_R_Toe0_end_end
                } // End of Bip001_Bip001_R_Toe0_end
              } // End of Bip001_Bip001_R_Toe0
            } // End of Bip001_Bip001_R_Foot
          } // End of Bip001_Bip001_R_Calf
        } // End of Bip001_Bip001_R_Thigh
        Frame Bip001_Bip001_Spine1 {
          FrameTransformMatrix {
             0.998648, 0.051981,-0.000421, 0.000000,
            -0.051938, 0.998087, 0.033546, 0.000000,
             0.002164,-0.033479, 0.999437, 0.000000,
            13.422041,-0.014301,-0.000000, 1.000000;;
          }
          Frame Bip001_Bip001_Neck {
            FrameTransformMatrix {
               0.994584, 0.103884,-0.003238, 0.000000,
              -0.103383, 0.992029, 0.072038, 0.000000,
               0.010695,-0.071313, 0.997397, 0.000000,
              16.514181,-2.153770,-0.000003, 1.000000;;
            }
            Frame Bip001_Bip001_Head {
              FrameTransformMatrix {
                 0.998925,-0.037743, 0.026898, 0.000000,
                 0.032615, 0.984800, 0.170603, 0.000000,
                -0.032929,-0.169542, 0.984973, 0.000000,
                 3.182871, 0.000004, 0.000002, 1.000000;;
              }
              Frame Bip001_Bip001_Head_end {
                FrameTransformMatrix {
                   0.991866,-0.099303, 0.079625, 0.000000,
                   0.059268, 0.913932, 0.401518, 0.000000,
                  -0.112643,-0.393533, 0.912383, 0.000000,
                  -0.000003, 6.042327, 0.000000, 1.000000;;
                }
                Frame Bip001_Bip001_Head_end_end {
                  FrameTransformMatrix {
                     1.000000,-0.000000,-0.000000, 0.000000,
                    -0.000000, 1.000000, 0.000000, 0.000000,
                    -0.000000, 0.000000, 1.000000, 0.000000,
                     0.000001, 6.042325, 0.000000, 1.000000;;
                  }
                } // End of Bip001_Bip001_Head_end_end
              } // End of Bip001_Bip001_Head_end
            } // End of Bip001_Bip001_Head
            Frame Bip001_Bip001_L_Clavicle {
              FrameTransformMatrix {
                -0.299038, 0.176917, 0.937698, 0.000000,
                -0.042322,-0.984155, 0.172186, 0.000000,
                 0.953302, 0.011800, 0.301788, 0.000000,
                -5.142121, 0.655100, 5.381521, 1.000000;;
              }
              Frame Bip001_Bip001_L_UpperArm {
                FrameTransformMatrix {
                   0.811169,-0.235805,-0.535165, 0.000000,
                   0.270007, 0.962742,-0.014945, 0.000000,
                   0.518750,-0.132376, 0.844615, 0.000000,
                   5.102058, 0.000003, 0.000004, 1.000000;;
                }
                Frame Bip001_Bip001_L_Forearm {
                  FrameTransformMatrix {
                    -0.043869,-0.998000, 0.045520, 0.000000,
                     0.849646,-0.061238,-0.523787, 0.000000,
                     0.525526, 0.015698, 0.850633, 0.000000,
                    21.792992,-0.000021,-0.000006, 1.000000;;
                  }
                  Frame Bip001_Bip001_L_Hand {
                    FrameTransformMatrix {
                       0.970814,-0.138395,-0.195877, 0.000000,
                      -0.207555,-0.075570,-0.975299, 0.000000,
                       0.120174, 0.987489,-0.102089, 0.000000,
                      17.884520,-0.000024,-0.000012, 1.000000;;
                    }
                    Frame Bip001_Bip001_L_Finger0 {
                      FrameTransformMatrix {
                         0.765971, 0.588127,-0.259609, 0.000000,
                         0.347535,-0.039084, 0.936852, 0.000000,
                         0.540840,-0.807823,-0.234332, 0.000000,
                         4.679777, 1.057967,-5.185899, 1.000000;;
                      }
                      Frame Bip001_Bip001_L_Finger01 {
                        FrameTransformMatrix {
                           0.324280,-0.923159,-0.206454, 0.000000,
                           0.945959, 0.316919, 0.068727, 0.000000,
                           0.001983,-0.217584, 0.976040, 0.000000,
                           4.777102,-0.000018,-0.000015, 1.000000;;
                        }
                        Frame Bip001_Bip001_L_Finger01_end {
                          FrameTransformMatrix {
                             0.577841, 0.021251,-0.815873, 0.000000,
                            -0.469245, 0.826563,-0.310812, 0.000000,
                             0.667764, 0.562444, 0.487594, 0.000000,
                            -0.000002, 4.777092, 0.000001, 1.000000;;
                          }
                          Frame Bip001_Bip001_L_Finger01_end_end {
                            FrameTransformMatrix {
                               1.000000,-0.000000, 0.000000, 0.000000,
                               0.000000, 1.000000, 0.000000, 0.000000,
                              -0.000000,-0.000000, 1.000000, 0.000000,
                              -0.000003, 4.777086, 0.000001, 1.000000;;
                            }
                          } // End of Bip001_Bip001_L_Finger01_end_end
                        } // End of Bip001_Bip001_L_Finger01_end
                      } // End of Bip001_Bip001_L_Finger01
                    } // End of Bip001_Bip001_L_Finger0
                    Frame Bip001_Bip001_L_Finger1 {
                      FrameTransformMatrix {
                         0.296741, 0.954468, 0.030556, 0.000000,
                        -0.954339, 0.295245, 0.045476, 0.000000,
                         0.034383,-0.042656, 0.998499, 0.000000,
                         8.531017,-0.878061,-3.449225, 1.000000;;
                      }
                      Frame Bip001_Bip001_L_Finger11 {
                        FrameTransformMatrix {
                           0.918810,-0.385370,-0.085301, 0.000000,
                           0.382220, 0.922649,-0.051270, 0.000000,
                           0.098461, 0.014504, 0.995035, 0.000000,
                           4.030021, 0.000004, 0.000000, 1.000000;;
                        }
                        Frame Bip001_Bip001_L_Finger11_end {
                          FrameTransformMatrix {
                             0.348585, 0.937148,-0.015565, 0.000000,
                            -0.937127, 0.348779, 0.012125, 0.000000,
                             0.016792, 0.010360, 0.999805, 0.000000,
                            -0.000007, 4.030033,-0.000001, 1.000000;;
                          }
                          Frame Bip001_Bip001_L_Finger11_end_end {
                            FrameTransformMatrix {
                               1.000000, 0.000000,-0.000000, 0.000000,
                              -0.000000, 1.000000,-0.000000, 0.000000,
                              -0.000000, 0.000000, 1.000000, 0.000000,
                               0.000000, 4.030037, 0.000001, 1.000000;;
                            }
                          } // End of Bip001_Bip001_L_Finger11_end_end
                        } // End of Bip001_Bip001_L_Finger11_end
                      } // End of Bip001_Bip001_L_Finger11
                    } // End of Bip001_Bip001_L_Finger1
                    Frame Bip001_Bip001_L_Finger2 {
                      FrameTransformMatrix {
                         0.208907, 0.977881, 0.010456, 0.000000,
                        -0.828455, 0.182646,-0.529437, 0.000000,
                        -0.519634, 0.101941, 0.848283, 0.000000,
                         8.416754,-1.297076, 1.023518, 1.000000;;
                      }
                      Frame Bip001_Bip001_L_Finger21 {
                        FrameTransformMatrix {
                           0.927030,-0.315863, 0.202104, 0.000000,
                           0.230809, 0.905402, 0.356334, 0.000000,
                          -0.295538,-0.283684, 0.912239, 0.000000,
                           4.077169, 0.000010,-0.000005, 1.000000;;
                        }
                        Frame Bip001_Bip001_L_Finger21_end {
                          FrameTransformMatrix {
                             0.487116, 0.846961, 0.213015, 0.000000,
                            -0.839458, 0.386802, 0.381699, 0.000000,
                             0.240889,-0.364749, 0.899405, 0.000000,
                             0.000002, 4.077159,-0.000000, 1.000000;;
                          }
                          Frame Bip001_Bip001_L_Finger21_end_end {
                            FrameTransformMatrix {
                               1.000000, 0.000000,-0.000000, 0.000000,
                              -0.000000, 1.000000,-0.000000, 0.000000,
                               0.000000, 0.000000, 1.000000, 0.000000,
                              -0.000001, 4.077157, 0.000000, 1.000000;;
                            }
                          } // End of Bip001_Bip001_L_Finger21_end_end
                        } // End of Bip001_Bip001_L_Finger21_end
                      } // End of Bip001_Bip001_L_Finger21
                    } // End of Bip001_Bip001_L_Finger2
                  } // End of Bip001_Bip001_L_Hand
                } // End of Bip001_Bip001_L_Forearm
              } // End of Bip001_Bip001_L_UpperArm
            } // End of Bip001_Bip001_L_Clavicle
            Frame Bip001_Bip001_R_Clavicle {
              FrameTransformMatrix {
                -0.323311,-0.277626,-0.904651, 0.000000,
                -0.122092,-0.935767, 0.330809, 0.000000,
                -0.938384, 0.217400, 0.268648, 0.000000,
                -5.142115, 0.655129,-5.381530, 1.000000;;
              }
              Frame Bip001_Bip001_R_UpperArm {
                FrameTransformMatrix {
                   0.786822, 0.017562, 0.616929, 0.000000,
                   0.026215, 0.997742,-0.061837, 0.000000,
                  -0.616622, 0.064828, 0.784585, 0.000000,
                   5.102055,-0.000004,-0.000001, 1.000000;;
                }
                Frame Bip001_Bip001_R_Forearm {
                  FrameTransformMatrix {
                     0.265895,-0.963802, 0.019673, 0.000000,
                     0.960679, 0.266616, 0.077532, 0.000000,
                    -0.079970,-0.001716, 0.996796, 0.000000,
                    21.792992, 0.000029, 0.000012, 1.000000;;
                  }
                  Frame Bip001_Bip001_R_Hand {
                    FrameTransformMatrix {
                       0.770551,-0.567318, 0.290521, 0.000000,
                      -0.327042, 0.039317, 0.944191, 0.000000,
                      -0.547079,-0.822560,-0.155241, 0.000000,
                      17.884525, 0.000027, 0.000013, 1.000000;;
                    }
                    Frame Bip001_Bip001_R_Finger0 {
                      FrameTransformMatrix {
                         0.665432, 0.706478,-0.241016, 0.000000,
                        -0.115720,-0.221343,-0.968306, 0.000000,
                        -0.737435, 0.672233,-0.065535, 0.000000,
                         4.679782, 1.057889, 5.185880, 1.000000;;
                      }
                      Frame Bip001_Bip001_R_Finger01 {
                        FrameTransformMatrix {
                          -0.012069,-0.950594, 0.310198, 0.000000,
                           0.980857,-0.071555,-0.181115, 0.000000,
                           0.194363, 0.302074, 0.933260, 0.000000,
                           4.777076,-0.000001,-0.000010, 1.000000;;
                        }
                        Frame Bip001_Bip001_R_Finger01_end {
                          FrameTransformMatrix {
                             0.932856, 0.201993,-0.298291, 0.000000,
                            -0.277492, 0.930931,-0.237415, 0.000000,
                             0.229732, 0.304248, 0.924476, 0.000000,
                            -0.000002, 4.777092,-0.000005, 1.000000;;
                          }
                          Frame Bip001_Bip001_R_Finger01_end_end {
                            FrameTransformMatrix {
                               1.000000,-0.000001,-0.000000, 0.000000,
                               0.000001, 1.000000,-0.000001, 0.000000,
                               0.000000, 0.000001, 1.000000, 0.000000,
                              -0.000000, 4.777094,-0.000000, 1.000000;;
                            }
                          } // End of Bip001_Bip001_R_Finger01_end_end
                        } // End of Bip001_Bip001_R_Finger01_end
                      } // End of Bip001_Bip001_R_Finger01
                    } // End of Bip001_Bip001_R_Finger0
                    Frame Bip001_Bip001_R_Finger1 {
                      FrameTransformMatrix {
                         0.588635, 0.791346,-0.165172, 0.000000,
                        -0.791414, 0.605774, 0.081873, 0.000000,
                         0.164847, 0.082526, 0.982860, 0.000000,
                         8.531023,-0.878127, 3.449196, 1.000000;;
                      }
                      Frame Bip001_Bip001_R_Finger11 {
                        FrameTransformMatrix {
                           0.913029,-0.399012, 0.084665, 0.000000,
                           0.395833, 0.916836, 0.052220, 0.000000,
                          -0.098460,-0.014166, 0.995040, 0.000000,
                           4.030030,-0.000013, 0.000000, 1.000000;;
                        }
                        Frame Bip001_Bip001_R_Finger11_end {
                          FrameTransformMatrix {
                             0.507854, 0.861155, 0.022312, 0.000000,
                            -0.861169, 0.508175,-0.012090, 0.000000,
                            -0.021749,-0.013074, 0.999678, 0.000000,
                            -0.000000, 4.030026, 0.000000, 1.000000;;
                          }
                          Frame Bip001_Bip001_R_Finger11_end_end {
                            FrameTransformMatrix {
                               1.000000, 0.000000, 0.000000, 0.000000,
                              -0.000000, 1.000000, 0.000000, 0.000000,
                              -0.000000,-0.000000, 1.000000, 0.000000,
                               0.000002, 4.030013,-0.000000, 1.000000;;
                            }
                          } // End of Bip001_Bip001_R_Finger11_end_end
                        } // End of Bip001_Bip001_R_Finger11_end
                      } // End of Bip001_Bip001_R_Finger11
                    } // End of Bip001_Bip001_R_Finger1
                    Frame Bip001_Bip001_R_Finger2 {
                      FrameTransformMatrix {
                         0.495994, 0.860781,-0.114208, 0.000000,
                        -0.741179, 0.488211, 0.460763, 0.000000,
                         0.452376,-0.143888, 0.880146, 0.000000,
                         8.416754,-1.297079,-1.023545, 1.000000;;
                      }
                      Frame Bip001_Bip001_R_Finger21 {
                        FrameTransformMatrix {
                           0.947837,-0.199449,-0.248644, 0.000000,
                           0.095461, 0.921864,-0.375570, 0.000000,
                           0.304123, 0.332244, 0.892818, 0.000000,
                           4.077162, 0.000014,-0.000013, 1.000000;;
                        }
                        Frame Bip001_Bip001_R_Finger21_end {
                          FrameTransformMatrix {
                             0.870466, 0.489351,-0.053144, 0.000000,
                            -0.487212, 0.841186,-0.234586, 0.000000,
                            -0.070091, 0.230091, 0.970642, 0.000000,
                            -0.000002, 4.077162, 0.000003, 1.000000;;
                          }
                          Frame Bip001_Bip001_R_Finger21_end_end {
                            FrameTransformMatrix {
                               1.000000, 0.000000,-0.000000, 0.000000,
                              -0.000000, 1.000000, 0.000000, 0.000000,
                               0.000000,-0.000000, 1.000000, 0.000000,
                               0.000001, 4.077176, 0.000000, 1.000000;;
                            }
                          } // End of Bip001_Bip001_R_Finger21_end_end
                        } // End of Bip001_Bip001_R_Finger21_end
                      } // End of Bip001_Bip001_R_Finger21
                    } // End of Bip001_Bip001_R_Finger2
                  } // End of Bip001_Bip001_R_Hand
                } // End of Bip001_Bip001_R_Forearm
              } // End of Bip001_Bip001_R_UpperArm
            } // End of Bip001_Bip001_R_Clavicle
          } // End of Bip001_Bip001_Neck
          Frame Bip001_Bone001 {
            FrameTransformMatrix {
              -0.948535,-0.287175, 0.133464, 0.000000,
              -0.139366, 0.000113,-0.990240, 0.000000,
               0.284357,-0.957878,-0.040130, 0.000000,
              12.973133,-11.041107, 0.512917, 1.000000;;
            }
            Frame Bip001_Bone002 {
              FrameTransformMatrix {
                 0.950087,-0.190336,-0.247199, 0.000000,
                 0.196531, 0.980497, 0.000395, 0.000000,
                 0.242303,-0.048957, 0.968964, 0.000000,
                14.860076,-0.000012, 0.000096, 1.000000;;
              }
              Frame Bip001_Bone003 {
                FrameTransformMatrix {
                   0.993715,-0.053063, 0.098565, 0.000000,
                   0.057427, 0.997467,-0.041977, 0.000000,
                  -0.096088, 0.047374, 0.994245, 0.000000,
                  17.012070,-0.000008,-0.000034, 1.000000;;
                }
                Frame Bip001_Bone004 {
                  FrameTransformMatrix {
                     0.991196,-0.017950,-0.131175, 0.000000,
                     0.016250, 0.999769,-0.014023, 0.000000,
                     0.131396, 0.011768, 0.991260, 0.000000,
                    17.419870, 0.000016, 0.000001, 1.000000;;
                  }
                  Frame Bip001_Bone005 {
                    FrameTransformMatrix {
                       0.999986, 0.000000,-0.005329, 0.000000,
                      -0.000000, 1.000000,-0.000000, 0.000000,
                       0.005329, 0.000000, 0.999986, 0.000000,
                      15.666285,-0.000004, 0.000000, 1.000000;;
                    }
                    Frame Bip001_Bone005_end {
                      FrameTransformMatrix {
                         1.000000,-0.000000,-0.000000, 0.000000,
                         0.000000, 1.000000,-0.000000, 0.000000,
                         0.000000, 0.000000, 1.000000, 0.000000,
                         0.000001,15.666295, 0.000000, 1.000000;;
                      }
                      Frame Bip001_Bone005_end_end {
                        FrameTransformMatrix {
                           1.000000, 0.000000, 0.000001, 0.000000,
                          -0.000000, 1.000000, 0.000000, 0.000000,
                          -0.000001,-0.000000, 1.000000, 0.000000,
                           0.000000,15.666287, 0.000001, 1.000000;;
                        }
                      } // End of Bip001_Bone005_end_end
                    } // End of Bip001_Bone005_end
                  } // End of Bip001_Bone005
                } // End of Bip001_Bone004
              } // End of Bip001_Bone003
            } // End of Bip001_Bone002
          } // End of Bip001_Bone001
        } // End of Bip001_Bip001_Spine1
      } // End of Bip001_Bip001_Spine
    } // End of Bip001_Bip001_Pelvis
    Frame _101_lv1 {
      FrameTransformMatrix {
         0.000001, 1.000000,-0.000000, 0.000000,
        -1.000000, 0.000001, 0.000000, 0.000000,
         0.000000, 0.000000, 1.000000, 0.000000,
        -0.000001, 0.000000,-47.246597, 1.000000;;
      }
      Mesh { // _101_lv1 mesh
        7542;
        -0.000000; 4.724208;86.351387;,
         2.449282; 4.038168;86.402161;,
         2.702017; 3.996095;80.942886;,
         2.702017; 3.996095;80.942886;,
        -0.000000; 4.725852;80.879303;,
        -0.000000; 4.724208;86.351387;,
         2.449282; 4.038168;86.402161;,
         3.686430; 1.129951;85.897995;,
         3.915320; 1.135121;80.848862;,
         3.915320; 1.135121;80.848862;,
         2.702017; 3.996095;80.942886;,
         2.449282; 4.038168;86.402161;,
         3.686430; 1.129951;85.897995;,
         2.808944;-1.447751;85.439972;,
         2.746887;-1.470081;80.922333;,
         2.746887;-1.470081;80.922333;,
         3.915320; 1.135121;80.848862;,
         3.686430; 1.129951;85.897995;,
         2.808944;-1.447751;85.439972;,
         0.000000;-2.620934;84.992546;,
        -0.000000;-2.678204;80.826569;,
        -0.000000;-2.678204;80.826569;,
         2.746887;-1.470081;80.922333;,
         2.808944;-1.447751;85.439972;,
         2.702017; 3.996095;80.942886;,
         4.076134; 5.778994;78.850075;,
        -0.000000; 6.544708;78.769341;,
        -0.000000; 6.544708;78.769341;,
        -0.000000; 4.725852;80.879303;,
         2.702017; 3.996095;80.942886;,
        -0.000000;-2.678204;80.826569;,
        -0.000000;-4.943652;78.520004;,
         4.355761;-4.294965;78.649139;,
         4.355761;-4.294965;78.649139;,
         2.746887;-1.470081;80.922333;,
        -0.000000;-2.678204;80.826569;,
        -0.000000; 4.724208;86.351387;,
        -0.000000; 4.725852;80.879303;,
        -2.702017; 3.996095;80.942886;,
        -2.702017; 3.996095;80.942886;,
        -2.449267; 4.038164;86.402161;,
        -0.000000; 4.724208;86.351387;,
        -2.449267; 4.038164;86.402161;,
        -2.702017; 3.996095;80.942886;,
        -3.915332; 1.135121;80.848869;,
        -3.915332; 1.135121;80.848869;,
        -3.686452; 1.129957;85.897995;,
        -2.449267; 4.038164;86.402161;,
        -3.686452; 1.129957;85.897995;,
        -3.915332; 1.135121;80.848869;,
        -2.746887;-1.470081;80.922325;,
        -2.746887;-1.470081;80.922325;,
        -2.808945;-1.447750;85.439972;,
        -3.686452; 1.129957;85.897995;,
        -2.808945;-1.447750;85.439972;,
        -2.746887;-1.470081;80.922325;,
        -0.000000;-2.678204;80.826569;,
        -0.000000;-2.678204;80.826569;,
         0.000000;-2.620934;84.992546;,
        -2.808945;-1.447750;85.439972;,
        -2.702017; 3.996095;80.942886;,
        -0.000000; 4.725852;80.879303;,
        -0.000000; 6.544708;78.769341;,
        -0.000000; 6.544708;78.769341;,
        -4.076133; 5.778994;78.850075;,
        -2.702017; 3.996095;80.942886;,
        -0.000000;-2.678204;80.826569;,
        -2.746887;-1.470081;80.922325;,
        -4.356069;-4.294965;78.649139;,
        -4.356069;-4.294965;78.649139;,
        -0.000000;-4.943652;78.520004;,
        -0.000000;-2.678204;80.826569;,
        16.142328; 1.935208; 0.075396;,
        16.552338; 0.571389; 0.075396;,
        11.279445; 0.571909; 0.075396;,
        13.857203; 2.823604; 0.075396;,
        16.142328; 1.935208; 0.075396;,
        11.279445; 0.571909; 0.075396;,
        13.857203; 2.823604; 0.075396;,
        11.279445; 0.571909; 0.075396;,
        11.527126; 1.943254; 0.075396;,
        16.423571;-0.955886; 0.075396;,
        13.772523;-1.310336; 0.075396;,
        11.358712;-0.955888; 0.075396;,
        16.552338; 0.571389; 0.075396;,
        16.423571;-0.955886; 0.075396;,
        11.358712;-0.955888; 0.075396;,
        16.552338; 0.571389; 0.075396;,
        11.358712;-0.955888; 0.075396;,
        11.279445; 0.571909; 0.075396;,
        15.592164; 1.958820; 3.248466;,
        16.142328; 1.935208; 0.075396;,
        13.857203; 2.823604; 0.075396;,
        13.857203; 2.823604; 0.075396;,
        13.813807; 2.802651; 3.248456;,
        15.592164; 1.958820; 3.248466;,
        15.768880; 0.531296; 3.248482;,
        16.552338; 0.571389; 0.075396;,
        16.142328; 1.935208; 0.075396;,
        16.142328; 1.935208; 0.075396;,
        15.592164; 1.958820; 3.248466;,
        15.768880; 0.531296; 3.248482;,
        16.423571;-0.955886; 0.075396;,
        16.552338; 0.571389; 0.075396;,
        15.768880; 0.531296; 3.248482;,
        15.768880; 0.531296; 3.248482;,
        15.654618;-0.829921; 3.248481;,
        16.423571;-0.955886; 0.075396;,
        13.824518;-6.030869; 0.075396;,
        15.851120;-4.849235; 0.075396;,
        15.803491;-4.718776; 1.683470;,
        15.803491;-4.718776; 1.683470;,
        13.718086;-5.910683; 1.683471;,
        13.824518;-6.030869; 0.075396;,
        11.708177;-4.849234; 0.075396;,
        13.824518;-6.030869; 0.075396;,
        13.718086;-5.910683; 1.683471;,
        13.718086;-5.910683; 1.683471;,
        11.597006;-4.848853; 1.683410;,
        11.708177;-4.849234; 0.075396;,
        11.451711; 0.534518; 3.248569;,
        11.279445; 0.571909; 0.075396;,
        11.358712;-0.955888; 0.075396;,
        11.358712;-0.955888; 0.075396;,
        11.676288;-0.941617; 3.248647;,
        11.451711; 0.534518; 3.248569;,
        11.666941; 2.061273; 3.248538;,
        11.527126; 1.943254; 0.075396;,
        11.279445; 0.571909; 0.075396;,
        11.279445; 0.571909; 0.075396;,
        11.451711; 0.534518; 3.248569;,
        11.666941; 2.061273; 3.248538;,
        13.813807; 2.802651; 3.248456;,
        13.857203; 2.823604; 0.075396;,
        11.527126; 1.943254; 0.075396;,
        11.527126; 1.943254; 0.075396;,
        11.666941; 2.061273; 3.248538;,
        13.813807; 2.802651; 3.248456;,
        13.772523;-1.310336; 0.075396;,
        16.423571;-0.955886; 0.075396;,
        15.851120;-4.849235; 0.075396;,
        15.851120;-4.849235; 0.075396;,
        13.824518;-6.030869; 0.075396;,
        13.772523;-1.310336; 0.075396;,
        16.423571;-0.955886; 0.075396;,
        15.654618;-0.829921; 3.248481;,
        15.803491;-4.718776; 1.683470;,
        15.803491;-4.718776; 1.683470;,
        15.851120;-4.849235; 0.075396;,
        16.423571;-0.955886; 0.075396;,
        15.654618;-0.829921; 3.248481;,
        13.678569;-1.360360; 3.248753;,
        13.718086;-5.910683; 1.683471;,
        13.718086;-5.910683; 1.683471;,
        15.803491;-4.718776; 1.683470;,
        15.654618;-0.829921; 3.248481;,
        13.678569;-1.360360; 3.248753;,
        11.676288;-0.941617; 3.248647;,
        11.597006;-4.848853; 1.683410;,
        11.597006;-4.848853; 1.683410;,
        13.718086;-5.910683; 1.683471;,
        13.678569;-1.360360; 3.248753;,
        11.676288;-0.941617; 3.248647;,
        11.358712;-0.955888; 0.075396;,
        11.708177;-4.849234; 0.075396;,
        11.708177;-4.849234; 0.075396;,
        11.597006;-4.848853; 1.683410;,
        11.676288;-0.941617; 3.248647;,
        11.358712;-0.955888; 0.075396;,
        13.772523;-1.310336; 0.075396;,
        13.824518;-6.030869; 0.075396;,
        13.824518;-6.030869; 0.075396;,
        11.708177;-4.849234; 0.075396;,
        11.358712;-0.955888; 0.075396;,
        15.103242; 1.901548;12.344467;,
        15.125245; 1.935222; 5.517120;,
        13.493105; 2.935041; 5.519369;,
        13.493105; 2.935041; 5.519369;,
        12.466969; 3.440309;12.349159;,
        15.103242; 1.901548;12.344467;,
        15.362201; 0.037679;12.345460;,
        15.303507; 0.462220; 5.517609;,
        15.125245; 1.935222; 5.517120;,
        15.125245; 1.935222; 5.517120;,
        15.103242; 1.901548;12.344467;,
        15.362201; 0.037679;12.345460;,
        15.071674;-1.025391; 5.518202;,
        15.303507; 0.462220; 5.517609;,
        15.362201; 0.037679;12.345460;,
        15.362201; 0.037679;12.345460;,
        14.743920;-1.615555;12.346717;,
        15.071674;-1.025391; 5.518202;,
        13.384041;-1.766125; 5.523504;,
        15.071674;-1.025391; 5.518202;,
        14.743920;-1.615555;12.346717;,
        14.743920;-1.615555;12.346717;,
        12.392168;-2.905630;12.357491;,
        13.384041;-1.766125; 5.523504;,
        11.617948;-1.274897; 5.527892;,
        13.384041;-1.766125; 5.523504;,
        12.392168;-2.905630;12.357491;,
        12.392168;-2.905630;12.357491;,
         9.745826;-2.136002;12.366742;,
        11.617948;-1.274897; 5.527892;,
         9.297842; 0.066718;12.364147;,
        11.392139; 0.460161; 5.526617;,
        11.617948;-1.274897; 5.527892;,
        11.617948;-1.274897; 5.527892;,
         9.745826;-2.136002;12.366742;,
         9.297842; 0.066718;12.364147;,
        11.540079; 2.091911; 5.525849;,
        11.392139; 0.460161; 5.526617;,
         9.297842; 0.066718;12.364147;,
         9.297842; 0.066718;12.364147;,
         9.366096; 2.262138;12.362562;,
        11.540079; 2.091911; 5.525849;,
        12.466969; 3.440309;12.349159;,
        13.493105; 2.935041; 5.519369;,
        11.540079; 2.091911; 5.525849;,
        11.540079; 2.091911; 5.525849;,
         9.366096; 2.262138;12.362562;,
        12.466969; 3.440309;12.349159;,
        15.125245; 1.935222; 5.517120;,
        15.592164; 1.958820; 3.248466;,
        13.813807; 2.802651; 3.248456;,
        13.813807; 2.802651; 3.248456;,
        13.493105; 2.935041; 5.519369;,
        15.125245; 1.935222; 5.517120;,
        15.303507; 0.462220; 5.517609;,
        15.768880; 0.531296; 3.248482;,
        15.592164; 1.958820; 3.248466;,
        15.592164; 1.958820; 3.248466;,
        15.125245; 1.935222; 5.517120;,
        15.303507; 0.462220; 5.517609;,
        15.654618;-0.829921; 3.248481;,
        15.768880; 0.531296; 3.248482;,
        15.303507; 0.462220; 5.517609;,
        15.303507; 0.462220; 5.517609;,
        15.071674;-1.025391; 5.518202;,
        15.654618;-0.829921; 3.248481;,
        13.678569;-1.360360; 3.248753;,
        15.654618;-0.829921; 3.248481;,
        15.071674;-1.025391; 5.518202;,
        15.071674;-1.025391; 5.518202;,
        13.384041;-1.766125; 5.523504;,
        13.678569;-1.360360; 3.248753;,
        11.676288;-0.941617; 3.248647;,
        13.678569;-1.360360; 3.248753;,
        13.384041;-1.766125; 5.523504;,
        13.384041;-1.766125; 5.523504;,
        11.617948;-1.274897; 5.527892;,
        11.676288;-0.941617; 3.248647;,
        11.392139; 0.460161; 5.526617;,
        11.451711; 0.534518; 3.248569;,
        11.676288;-0.941617; 3.248647;,
        11.676288;-0.941617; 3.248647;,
        11.617948;-1.274897; 5.527892;,
        11.392139; 0.460161; 5.526617;,
        11.666941; 2.061273; 3.248538;,
        11.451711; 0.534518; 3.248569;,
        11.392139; 0.460161; 5.526617;,
        11.392139; 0.460161; 5.526617;,
        11.540079; 2.091911; 5.525849;,
        11.666941; 2.061273; 3.248538;,
        13.493105; 2.935041; 5.519369;,
        13.813807; 2.802651; 3.248456;,
        11.666941; 2.061273; 3.248538;,
        11.666941; 2.061273; 3.248538;,
        11.540079; 2.091911; 5.525849;,
        13.493105; 2.935041; 5.519369;,
        -13.857203; 2.823604; 0.075396;,
        -11.527126; 1.943254; 0.075396;,
        -11.279445; 0.571909; 0.075396;,
        -11.279445; 0.571909; 0.075396;,
        -16.552338; 0.571389; 0.075396;,
        -16.142328; 1.935208; 0.075396;,
        -13.857203; 2.823604; 0.075396;,
        -11.279445; 0.571909; 0.075396;,
        -16.142328; 1.935208; 0.075396;,
        -16.552338; 0.571389; 0.075396;,
        -11.279445; 0.571909; 0.075396;,
        -11.358712;-0.955888; 0.075396;,
        -11.358712;-0.955888; 0.075396;,
        -13.772523;-1.310336; 0.075396;,
        -16.423571;-0.955886; 0.075396;,
        -16.552338; 0.571389; 0.075396;,
        -11.358712;-0.955888; 0.075396;,
        -16.423571;-0.955886; 0.075396;,
        -15.592166; 1.958820; 3.248466;,
        -13.813807; 2.802651; 3.248456;,
        -13.857203; 2.823604; 0.075396;,
        -13.857203; 2.823604; 0.075396;,
        -16.142328; 1.935208; 0.075396;,
        -15.592166; 1.958820; 3.248466;,
        -15.768878; 0.531296; 3.248481;,
        -15.592166; 1.958820; 3.248466;,
        -16.142328; 1.935208; 0.075396;,
        -16.142328; 1.935208; 0.075396;,
        -16.552338; 0.571389; 0.075396;,
        -15.768878; 0.531296; 3.248481;,
        -16.423571;-0.955886; 0.075396;,
        -15.654618;-0.829921; 3.248481;,
        -15.768878; 0.531296; 3.248481;,
        -15.768878; 0.531296; 3.248481;,
        -16.552338; 0.571389; 0.075396;,
        -16.423571;-0.955886; 0.075396;,
        -13.824518;-6.030869; 0.075396;,
        -13.718086;-5.910683; 1.683471;,
        -15.803491;-4.718776; 1.683470;,
        -15.803491;-4.718776; 1.683470;,
        -15.851120;-4.849235; 0.075396;,
        -13.824518;-6.030869; 0.075396;,
        -11.708177;-4.849234; 0.075396;,
        -11.597006;-4.848853; 1.683410;,
        -13.718086;-5.910683; 1.683471;,
        -13.718086;-5.910683; 1.683471;,
        -13.824518;-6.030869; 0.075396;,
        -11.708177;-4.849234; 0.075396;,
        -11.451710; 0.534518; 3.248569;,
        -11.676288;-0.941617; 3.248647;,
        -11.358712;-0.955888; 0.075396;,
        -11.358712;-0.955888; 0.075396;,
        -11.279445; 0.571909; 0.075396;,
        -11.451710; 0.534518; 3.248569;,
        -11.666940; 2.061273; 3.248538;,
        -11.451710; 0.534518; 3.248569;,
        -11.279445; 0.571909; 0.075396;,
        -11.279445; 0.571909; 0.075396;,
        -11.527126; 1.943254; 0.075396;,
        -11.666940; 2.061273; 3.248538;,
        -13.813807; 2.802651; 3.248456;,
        -11.666940; 2.061273; 3.248538;,
        -11.527126; 1.943254; 0.075396;,
        -11.527126; 1.943254; 0.075396;,
        -13.857203; 2.823604; 0.075396;,
        -13.813807; 2.802651; 3.248456;,
        -13.772523;-1.310336; 0.075396;,
        -13.824518;-6.030869; 0.075396;,
        -15.851120;-4.849235; 0.075396;,
        -15.851120;-4.849235; 0.075396;,
        -16.423571;-0.955886; 0.075396;,
        -13.772523;-1.310336; 0.075396;,
        -16.423571;-0.955886; 0.075396;,
        -15.851120;-4.849235; 0.075396;,
        -15.803491;-4.718776; 1.683470;,
        -15.803491;-4.718776; 1.683470;,
        -15.654618;-0.829921; 3.248481;,
        -16.423571;-0.955886; 0.075396;,
        -15.654618;-0.829921; 3.248481;,
        -15.803491;-4.718776; 1.683470;,
        -13.718086;-5.910683; 1.683471;,
        -13.718086;-5.910683; 1.683471;,
        -13.678570;-1.360360; 3.248754;,
        -15.654618;-0.829921; 3.248481;,
        -13.678570;-1.360360; 3.248754;,
        -13.718086;-5.910683; 1.683471;,
        -11.597006;-4.848853; 1.683410;,
        -11.597006;-4.848853; 1.683410;,
        -11.676288;-0.941617; 3.248647;,
        -13.678570;-1.360360; 3.248754;,
        -11.676288;-0.941617; 3.248647;,
        -11.597006;-4.848853; 1.683410;,
        -11.708177;-4.849234; 0.075396;,
